              precision    recall  f1-score   support

           1       0.82      1.00      0.90        59
           2       1.00      0.88      0.94        17
           3       1.00      0.12      0.22        41
           4       0.88      1.00      0.93        28
           5       0.88      0.82      0.85        17
           6       1.00      0.93      0.96        40
           7       0.28      1.00      0.44        15
           8       0.96      0.93      0.95        57
           9       0.89      0.91      0.90        35
          10       1.00      0.84      0.91        37
          11       1.00      0.92      0.96        24
          12       1.00      1.00      1.00        15
          13       1.00      0.90      0.95        50
          14       0.98      1.00      0.99        65

    accuracy                           0.87       500
   macro avg       0.91      0.88      0.85       500
weighted avg       0.93      0.87      0.87       500
end the timer  MMMMMMMMMMMMMMMMMM
total testing time =69.79546093940735 sec