              precision    recall  f1-score   support

           1       0.67      1.00      0.80        58
           2       1.00      0.75      0.86        16
           3       1.00      1.00      1.00        33
           4       0.89      1.00      0.94        31
           5       1.00      0.89      0.94        18
           6       0.59      0.96      0.73        45
           7       0.00      0.00      0.00        12
           8       1.00      1.00      1.00        57
           9       1.00      1.00      1.00        46
          10       0.63      1.00      0.77        32
          11       1.00      0.62      0.76        26
          12       1.00      0.31      0.48        16
          13       0.95      0.43      0.59        49
          14       0.85      0.66      0.74        61

    accuracy                           0.82       500
   macro avg       0.83      0.76      0.76       500
weighted avg       0.85      0.82      0.80       500
end the timer  MMMMMMMMMMMMMMMMMM
total testing time =70.58181238174438 sec