VGG19 Training Time: 4.0:35.84
VGG19 Testing Time: 0.0:5.48
              precision    recall  f1-score   support

           1       1.00      0.98      0.99        54
           2       0.90      0.90      0.90        20
           3       1.00      1.00      1.00        59
           4       1.00      1.00      1.00        41
           5       0.69      1.00      0.81        24
           6       1.00      1.00      1.00        36
           7       0.71      0.89      0.79        19
           8       0.84      0.95      0.89        43
           9       0.95      0.69      0.80        54
          10       1.00      1.00      1.00         9
          11       1.00      1.00      1.00        35
          12       1.00      1.00      1.00        31
          13       1.00      1.00      1.00        12
          14       0.95      0.81      0.88        43

    accuracy                           0.93       480
   macro avg       0.93      0.94      0.93       480
weighted avg       0.94      0.93      0.93       480
