VGG19 Training Time: 4.0:40.91
VGG19 Testing Time: 0.0:5.58
              precision    recall  f1-score   support

           1       0.93      1.00      0.96        55
           2       1.00      1.00      1.00        11
           3       1.00      0.86      0.93        58
           4       1.00      1.00      1.00        53
           5       1.00      1.00      1.00        27
           6       0.75      1.00      0.86        27
           7       0.93      1.00      0.96        13
           8       0.98      0.85      0.91        47
           9       1.00      1.00      1.00        60
          10       0.91      0.83      0.87        12
          11       1.00      1.00      1.00        27
          12       1.00      1.00      1.00        26
          13       1.00      0.95      0.97        20
          14       0.93      0.98      0.96        44

    accuracy                           0.96       480
   macro avg       0.96      0.96      0.96       480
weighted avg       0.97      0.96      0.96       480
