VGG19 Training Time: 4.0:45.52
VGG19 Testing Time: 0.0:5.71
              precision    recall  f1-score   support

           1       0.89      0.86      0.88        59
           2       1.00      1.00      1.00        15
           3       0.92      0.94      0.93        52
           4       0.87      1.00      0.93        33
           5       0.86      1.00      0.92        37
           6       0.88      0.92      0.90        24
           7       1.00      1.00      1.00        14
           8       0.86      0.91      0.89        47
           9       1.00      0.91      0.95        64
          10       0.75      0.71      0.73        17
          11       1.00      1.00      1.00        39
          12       1.00      0.96      0.98        26
          13       1.00      0.93      0.97        15
          14       1.00      0.87      0.93        38

    accuracy                           0.93       480
   macro avg       0.93      0.93      0.93       480
weighted avg       0.93      0.93      0.93       480
