end the timer  MMMMMMMMMMMMMMMMMM
total train time =1488.0382387638092 sec

[[59  0  0  0  0  0  0  0  0  0  0  0  0  0]
 [ 2 15  0  0  0  0  0  0  0  0  0  0  0  0]
 [ 0  0  5  0  0  0 36  0  0  0  0  0  0  0]
 [ 0  0  0 28  0  0  0  0  0  0  0  0  0  0]
 [ 1  0  0  0 14  0  2  0  0  0  0  0  0  0]
 [ 1  0  0  0  2 37  0  0  0  0  0  0  0  0]
 [ 0  0  0  0  0  0 15  0  0  0  0  0  0  0]
 [ 0  0  0  0  0  0  0 53  4  0  0  0  0  0]
 [ 3  0  0  0  0  0  0  0 32  0  0  0  0  0]
 [ 1  0  0  4  0  0  0  0  0 31  0  0  0  1]
 [ 0  0  0  0  0  0  0  2  0  0 22  0  0  0]
 [ 0  0  0  0  0  0  0  0  0  0  0 15  0  0]
 [ 5  0  0  0  0  0  0  0  0  0  0  0 45  0]
 [ 0  0  0  0  0  0  0  0  0  0  0  0  0 65]]
              precision    recall  f1-score   support

           1       0.82      1.00      0.90        59
           2       1.00      0.88      0.94        17
           3       1.00      0.12      0.22        41
           4       0.88      1.00      0.93        28
           5       0.88      0.82      0.85        17
           6       1.00      0.93      0.96        40
           7       0.28      1.00      0.44        15
           8       0.96      0.93      0.95        57
           9       0.89      0.91      0.90        35
          10       1.00      0.84      0.91        37
          11       1.00      0.92      0.96        24
          12       1.00      1.00      1.00        15
          13       1.00      0.90      0.95        50
          14       0.98      1.00      0.99        65

    accuracy                           0.87       500
   macro avg       0.91      0.88      0.85       500
weighted avg       0.93      0.87      0.87       500

suc_count,all_coun,= 436 / 500
percentage= 0.872
end the timer  MMMMMMMMMMMMMMMMMM
total train time =57.59847927093506 sec