end the timer  MMMMMMMMMMMMMMMMMM
total train time =1497.2492940425873 sec

[[59  0  0  0  0  0  0  0  0  0  0  0  0  0]
 [ 0 12  0  0  0  0  0  0  0  0  0  0  0  0]
 [ 0  0 28  0  1  0  0  0  0  0  0  0  0  0]
 [ 0  0  0 26  0  0  0  0  0  0  0  0  0  0]
 [ 0  0  0  0 20  0  0  0  0  0  0  0  0  2]
 [ 0  0  0  0  0 47  0  1  0  0  0  0  0  0]
 [ 0  0  0  0  0  0 11  0  0  0  0  0  0  0]
 [ 0  0  0  0  0  0  0 59  0  0  0  0  0  0]
 [ 0  0  0  0  0  0  0  0 55  0  0  0  0  0]
 [ 0  0  0  0  0  0  0  0  0 29  0  0  0  0]
 [ 0  0  0  0  0  0  0  0  0  0 28  0  0  0]
 [ 0  0  0  0  0  0  0  0  0  0  0 13  0  0]
 [ 2  0  0  2  0  0  0  0  0  0  0  0 43  0]
 [ 0  0  0  0  0  0  1  0  0  0  0  0  0 61]]
              precision    recall  f1-score   support

           1       0.97      1.00      0.98        59
           2       1.00      1.00      1.00        12
           3       1.00      0.97      0.98        29
           4       0.93      1.00      0.96        26
           5       0.95      0.91      0.93        22
           6       1.00      0.98      0.99        48
           7       0.92      1.00      0.96        11
           8       0.98      1.00      0.99        59
           9       1.00      1.00      1.00        55
          10       1.00      1.00      1.00        29
          11       1.00      1.00      1.00        28
          12       1.00      1.00      1.00        13
          13       1.00      0.91      0.96        47
          14       0.97      0.98      0.98        62

    accuracy                           0.98       500
   macro avg       0.98      0.98      0.98       500
weighted avg       0.98      0.98      0.98       500

suc_count,all_coun,= 491 / 500
percentage= 0.982
end the timer  MMMMMMMMMMMMMMMMMM
total train time =57.95466375350952 sec