              precision    recall  f1-score   support

           1       0.97      1.00      0.98        59
           2       1.00      1.00      1.00        12
           3       1.00      0.97      0.98        29
           4       0.93      1.00      0.96        26
           5       0.95      0.91      0.93        22
           6       1.00      0.98      0.99        48
           7       0.92      1.00      0.96        11
           8       0.98      1.00      0.99        59
           9       1.00      1.00      1.00        55
          10       1.00      1.00      1.00        29
          11       1.00      1.00      1.00        28
          12       1.00      1.00      1.00        13
          13       1.00      0.91      0.96        47
          14       0.97      0.98      0.98        62

    accuracy                           0.98       500
   macro avg       0.98      0.98      0.98       500
weighted avg       0.98      0.98      0.98       500
end the timer  MMMMMMMMMMMMMMMMMMtotal testing time =70.17743253707886 sec